91.2 1 1.91805e+07 0.701552 1.42055e+07 -0.70127
91.2 2 1.49071e+07 0.500667 1.10446e+07 -0.499304
91.2 3 1.91804e+07 0.701554 1.42055e+07 -0.701272
91.2 4 1.49071e+07 0.500667 1.10446e+07 -0.499304
91.2 5 1.9185e+07 0.70157 1.42091e+07 -0.701289
91.2 6 1.48793e+07 0.497739 1.10238e+07 -0.496365
250 1 5359.88 0.699823 1275.65 0.265514
250 2 8000.51 0.615533 3553.23 0.708309
250 3 5359.84 0.699835 1279.01 0.266783
250 4 8000.3 0.615566 3566.67 0.708475
250 5 5368.03 0.699963 1262.54 0.296444
250 6 7990.96 0.616454 3618 0.714496
350 1 2494.68 0.689481 555.562 0.335809
350 2 3874.84 0.594144 1687.04 0.680256
350 3 2494.63 0.689509 558.775 0.33819
350 4 3874.61 0.594215 1699.9 0.680808
350 5 2501.97 0.689808 546.727 0.398643
350 6 3875.17 0.595479 1740.43 0.696942
380 1 2087.58 0.687767 456.323 0.342895
380 2 3262.41 0.590708 1400.37 0.674488
380 3 2087.53 0.687801 459.497 0.345707
380 4 3262.18 0.590792 1413.07 0.675196
380 5 2094.75 0.688162 448.145 0.417509
380 6 3264.16 0.592196 1451.9 0.695087
500 1 1168.29 0.683473 235.111 0.343096
500 2 1852.34 0.58216 731.629 0.655045
500 3 1168.24 0.683536 238.12 0.348237
500 4 1852.11 0.58231 743.659 0.656642
500 5 1175.2 0.684199 228.579 0.476763
500 6 1857.31 0.584396 778.015 0.695346
1000 1 282.666 0.676369 31.2298 0.0444078
1000 2 455.967 0.567413 79.6475 0.495844
1000 3 282.611 0.676646 33.1461 0.0851931
1000 4 455.727 0.568043 87.2893 0.518659
1000 5 289.421 0.679526 28.0508 0.717696
1000 6 464.166 0.57516 110.71 0.742275
