91.2 1 1.91687e+07 0.701637 1.41608e+07 -0.701353
91.2 2 1.48978e+07 0.501088 1.10097e+07 -0.499718
91.2 3 1.91686e+07 0.701637 1.41608e+07 -0.701353
91.2 4 1.48977e+07 0.501087 1.10097e+07 -0.499718
91.2 5 1.91686e+07 0.701637 1.41608e+07 -0.701353
91.2 6 1.49012e+07 0.501427 1.10123e+07 -0.500058
250 1 5326.89 0.699819 1318.46 0.285458
250 2 7945.61 0.614823 3739.54 0.710151
250 3 5327.93 0.699878 1318.48 0.285466
250 4 7947.71 0.614859 3739.54 0.710152
250 5 5333.03 0.700164 1318.56 0.285504
250 6 7959.28 0.615149 3738.78 0.710221
350 1 2464.08 0.689521 599.285 0.37094
350 2 3821.7 0.5927 1869.54 0.686994
350 3 2465.05 0.689656 599.303 0.370954
350 4 3823.72 0.592783 1869.54 0.686998
350 5 2469.82 0.690309 599.391 0.371022
350 6 3833.64 0.593512 1869.41 0.687093
380 1 2057.33 0.687824 500.016 0.383702
380 2 3209.54 0.588993 1581.79 0.683155
380 3 2058.29 0.687986 500.034 0.383718
380 4 3211.55 0.589094 1581.79 0.683158
380 5 2063 0.688774 500.122 0.383797
380 6 3221.22 0.589984 1581.75 0.683262
500 1 1138.89 0.683608 278.166 0.412983
500 2 1800.19 0.579123 908.395 0.673922
500 3 1139.82 0.683906 278.184 0.41301
500 4 1802.16 0.57931 908.39 0.673928
500 5 1144.4 0.685345 278.271 0.413141
500 6 1811.24 0.580985 908.571 0.674069
1000 1 254.729 0.677062 67.1318 0.441652
1000 2 405.689 0.55402 225.962 0.663813
1000 3 255.579 0.67838 67.1498 0.441754
1000 4 407.526 0.554903 225.958 0.663843
1000 5 259.843 0.684593 67.2376 0.442253
1000 6 415.626 0.562692 226.351 0.664239
