91.2 1 1.91729e+07 0.701576 1.41937e+07 -0.701294
91.2 2 1.49e+07 0.500759 1.10345e+07 -0.499397
91.2 3 1.91729e+07 0.701576 1.41937e+07 -0.701294
91.2 4 1.49e+07 0.500759 1.10345e+07 -0.499397
91.2 5 1.91729e+07 0.701576 1.41937e+07 -0.701294
250 1 5359.51 0.699972 1321.15 0.284208
250 2 7999.12 0.615923 3742.15 0.71049
250 3 5359.51 0.699972 1321.15 0.284208
250 4 7999.12 0.615923 3742.15 0.71049
250 5 5359.51 0.699972 1321.15 0.284208
350 1 2494.89 0.689866 600.367 0.369703
350 2 3873.79 0.595085 1870.63 0.687444
350 3 2494.89 0.689866 600.367 0.369703
350 4 3873.79 0.595085 1870.63 0.687444
350 5 2494.89 0.689866 600.367 0.369703
380 1 2087.86 0.688239 500.891 0.382472
380 2 3261.41 0.59185 1582.68 0.68363
380 3 2087.86 0.688239 500.891 0.382472
380 4 3261.41 0.59185 1582.68 0.68363
380 5 2087.86 0.688239 500.891 0.382472
500 1 1168.75 0.684368 278.593 0.411777
500 2 1851.43 0.584275 908.847 0.674499
500 3 1168.75 0.684368 278.593 0.411777
500 4 1851.43 0.584275 908.847 0.674499
500 5 1168.75 0.684368 278.593 0.411777
1000 1 283.286 0.680363 67.1571 0.440528
1000 2 455.101 0.576612 226.012 0.665011
1000 3 283.286 0.680363 67.1571 0.440528
1000 4 455.101 0.576612 226.012 0.665011
1000 5 283.286 0.680363 67.1571 0.440528
