91.2 1 1.91362e+07 0.701686 1.41442e+07 -0.7014
91.2 2 1.48699e+07 0.501013 1.09949e+07 -0.499636
91.2 3 1.91361e+07 0.701686 1.41442e+07 -0.7014
91.2 4 1.48699e+07 0.501012 1.09949e+07 -0.499636
91.2 5 1.9136e+07 0.701686 1.41442e+07 -0.701401
91.2 6 1.48795e+07 0.501458 1.10021e+07 -0.500083
250 1 5294.23 0.699585 1317.01 0.286064
250 2 7891.06 0.613693 3739.11 0.709921
250 3 5295.96 0.699693 1317.04 0.286076
250 4 7894.72 0.613756 3739.1 0.709924
250 5 5303.69 0.700207 1317.18 0.286131
250 6 7913.23 0.614366 3738.39 0.710067
350 1 2435.93 0.689104 598.691 0.371558
350 2 3772.35 0.59038 1869.44 0.68669
350 3 2437.53 0.689352 598.719 0.371579
350 4 3775.86 0.590529 1869.43 0.686695
350 5 2444.69 0.690524 598.858 0.371677
350 6 3791.44 0.591939 1869.42 0.686886
380 1 2029.84 0.687341 499.533 0.384322
380 2 3161 0.586235 1581.73 0.682831
380 3 2031.42 0.68764 499.561 0.384346
380 4 3164.48 0.586415 1581.72 0.682838
380 5 2038.49 0.689054 499.7 0.38446
380 6 3179.61 0.588121 1581.81 0.683042
500 1 1113.04 0.68281 277.922 0.413617
500 2 1753.75 0.574197 908.402 0.673521
500 3 1114.55 0.683362 277.95 0.413656
500 4 1757.14 0.574536 908.394 0.673533
500 5 1121.36 0.685953 278.088 0.413844
500 6 1771.14 0.577699 908.736 0.673795
1000 1 232.134 0.673853 67.1043 0.442416
1000 2 364.638 0.530567 226.024 0.662921
1000 3 233.439 0.676412 67.1328 0.442565
1000 4 367.609 0.532341 226.016 0.66297
1000 5 239.428 0.68785 67.271 0.443279
1000 6 379.21 0.547795 226.61 0.663621
