91.2 1 1.91777e+07 0.701549 1.42012e+07 -0.701266
91.2 2 1.49043e+07 0.500693 1.10407e+07 -0.499331
91.2 3 1.91775e+07 0.70156 1.4201e+07 -0.701278
91.2 4 1.49043e+07 0.500693 1.10407e+07 -0.499331
91.2 5 1.91813e+07 0.701575 1.4204e+07 -0.701294
91.2 6 1.48811e+07 0.498268 1.10234e+07 -0.496897
250 1 5359.52 0.699855 1290.36 0.271698
250 2 7999.8 0.615626 3617.51 0.709055
250 3 5359.47 0.699868 1293.17 0.272737
250 4 7999.65 0.615651 3626.53 0.709157
250 5 5366.77 0.699985 1280.76 0.296912
250 6 7992.56 0.616416 3671.32 0.71404
350 1 2494.58 0.689563 569.907 0.347198
350 2 3874.31 0.594383 1748.98 0.682803
350 3 2494.52 0.6896 572.651 0.349128
350 4 3874.16 0.594435 1757.69 0.683136
350 5 2501.08 0.689874 563.805 0.39784
350 6 3875.26 0.595548 1793.8 0.696084
380 1 2087.52 0.687867 470.542 0.356282
380 2 3261.91 0.590999 1461.68 0.677761
380 3 2087.45 0.687913 473.266 0.358547
380 4 3261.76 0.591062 1470.32 0.678186
380 5 2093.91 0.688245 464.982 0.416182
380 6 3264.03 0.592304 1505.1 0.69408
500 1 1168.31 0.683662 248.745 0.367119
500 2 1851.9 0.582708 790.252 0.662351
500 3 1168.23 0.683753 251.38 0.371131
500 4 1851.74 0.582821 798.585 0.663266
500 5 1174.47 0.684361 244.559 0.472429
500 6 1856.67 0.584691 830.111 0.693527
1000 1 282.761 0.677224 40.6924 0.217509
1000 2 455.554 0.56987 120.659 0.584488
1000 3 282.678 0.677643 42.7223 0.242804
1000 4 455.392 0.57034 127.097 0.592872
1000 5 288.761 0.680262 39.4762 0.68445
1000 6 462.979 0.576788 152.851 0.735373
