91.2 1 1.91663e+07 0.701576 1.41887e+07 -0.701294
91.2 2 1.48949e+07 0.500759 1.10307e+07 -0.499397
91.2 3 1.91663e+07 0.701576 1.41887e+07 -0.701294
91.2 4 1.48949e+07 0.500759 1.10307e+07 -0.499397
91.2 5 1.91663e+07 0.701576 1.41887e+07 -0.701294
250 1 5358.32 0.699949 1320.77 0.284414
250 2 7998.09 0.615874 3741.95 0.71044
250 3 5358.32 0.699949 1320.77 0.284414
250 4 7998.09 0.615874 3741.95 0.71044
250 5 5358.32 0.699949 1320.77 0.284414
350 1 2494.35 0.689841 600.208 0.369905
350 2 3873.33 0.595034 1870.55 0.687384
350 3 2494.35 0.689841 600.208 0.369905
350 4 3873.33 0.595034 1870.55 0.687384
350 5 2494.35 0.689841 600.208 0.369905
380 1 2087.42 0.688214 500.76 0.382672
380 2 3261.02 0.591799 1582.62 0.683569
380 3 2087.42 0.688214 500.76 0.382672
380 4 3261.02 0.591799 1582.62 0.683569
380 5 2087.42 0.688214 500.76 0.382672
500 1 1168.5 0.684342 278.523 0.411974
500 2 1851.22 0.584224 908.813 0.674436
500 3 1168.5 0.684342 278.523 0.411974
500 4 1851.22 0.584224 908.813 0.674436
500 5 1168.5 0.684342 278.523 0.411974
1000 1 283.227 0.680335 67.1408 0.440721
1000 2 455.049 0.57656 226.004 0.664946
1000 3 283.227 0.680335 67.1408 0.440721
1000 4 455.049 0.57656 226.004 0.664946
1000 5 283.227 0.680335 67.1408 0.440721
