91.2 1 1.89146e+07 0.701119 1.39786e+07 -0.700833
91.2 2 1.46888e+07 0.49794 1.08593e+07 -0.496563
91.2 3 1.89146e+07 0.701119 1.39786e+07 -0.700832
91.2 4 1.46888e+07 0.49794 1.08593e+07 -0.496563
91.2 5 1.89146e+07 0.701119 1.39785e+07 -0.70083
91.2 6 1.47053e+07 0.499075 1.08715e+07 -0.49769
250 1 5316.4 0.699404 1299.38 0.295575
250 2 7952.05 0.61486 3744.39 0.709581
250 3 5316.22 0.699398 1298.43 0.295101
250 4 7951.74 0.614855 3744.54 0.709522
250 5 5315.36 0.699366 1293.85 0.292801
250 6 7959.35 0.614591 3677.67 0.708789
350 1 2478.27 0.689267 587.864 0.382419
350 2 3856.52 0.594126 1871.62 0.688481
350 3 2478.09 0.689252 586.915 0.381565
350 4 3856.22 0.594114 1871.8 0.688339
350 5 2477.28 0.689178 582.349 0.377399
350 6 3859.31 0.593741 1808.44 0.685806
380 1 2074.89 0.687647 489.571 0.395688
380 2 3248.3 0.590949 1583.35 0.685458
380 3 2074.71 0.687629 488.621 0.3947
380 4 3248 0.590935 1583.54 0.685286
380 5 2073.91 0.687539 484.061 0.389869
380 6 3250.44 0.590521 1520.74 0.682094
500 1 1163.87 0.683842 269.846 0.427394
500 2 1847.65 0.58369 908.699 0.680215
500 3 1163.7 0.683808 268.897 0.425772
500 4 1847.35 0.583663 908.895 0.679906
500 5 1162.91 0.683645 264.36 0.417783
500 6 1848.34 0.583048 847.591 0.673581
1000 1 286.078 0.680491 61.2161 0.466316
1000 2 460.252 0.578434 225.315 0.696561
1000 3 285.908 0.680348 60.2655 0.460792
1000 4 459.956 0.578324 225.487 0.695453
1000 5 285.124 0.679662 55.8885 0.431799
1000 6 459.522 0.576268 167.945 0.669799
