91.2 1 1.9053e+07 0.701364 1.4085e+07 -0.701079
91.2 2 1.48e+07 0.499267 1.09449e+07 -0.497896
91.2 3 1.9053e+07 0.701364 1.4085e+07 -0.701079
91.2 4 1.48e+07 0.499267 1.09449e+07 -0.497896
91.2 5 1.9053e+07 0.701364 1.4085e+07 -0.701078
91.2 6 1.48069e+07 0.49995 1.095e+07 -0.498576
250 1 5339.48 0.699711 1310.88 0.289186
250 2 7975.98 0.615468 3742.9 0.710246
250 3 5339.39 0.699708 1310.35 0.288967
250 4 7975.84 0.615466 3742.99 0.710209
250 5 5339.02 0.699694 1307.82 0.287914
250 6 7980.01 0.615293 3710.11 0.709826
350 1 2487.15 0.689591 594.674 0.374667
350 2 3865.16 0.594676 1870.48 0.688507
350 3 2487.07 0.689584 594.157 0.374276
350 4 3865.03 0.594671 1870.59 0.688418
350 5 2486.72 0.689551 591.654 0.372388
350 6 3866.78 0.59445 1839.7 0.687123
380 1 2081.82 0.687967 495.778 0.387444
380 2 3254.8 0.591467 1582.33 0.685211
380 3 2081.74 0.687958 495.262 0.386991
380 4 3254.67 0.591461 1582.44 0.685103
380 5 2081.39 0.687919 492.765 0.384804
380 6 3256.07 0.591222 1551.85 0.683473
500 1 1166.46 0.684126 274.727 0.416827
500 2 1849.37 0.584036 907.984 0.678614
500 3 1166.38 0.684111 274.213 0.41608
500 4 1849.24 0.584025 908.107 0.678418
500 5 1166.04 0.684038 271.733 0.41246
500 6 1849.86 0.583697 878.254 0.675198
1000 1 284.547 0.680422 64.5002 0.445031
1000 2 457.381 0.577478 224.736 0.686451
1000 3 284.471 0.680357 63.9905 0.44228
1000 4 457.25 0.577429 224.853 0.685699
1000 5 284.135 0.680052 61.5748 0.428561
1000 6 457.114 0.576466 196.236 0.67237
